$ANSIBLE_VAULT;1.1;AES256
30343866393162356131336338343536373136643637363230613166366133663335663633653339
6565376633663761353136623164373031393265333634620a323663636238636362376664306634
39333561616232663436613063633137396330353765366665313338656335643564313566323034
6636366261613834390a313564386532316431653338623237316233303738356338336338376435
39643633373964653264663936336538383131613339383733333739373565643861653364343339
61393035636433653362363934363466373266316531366166623337343865313130353939326437
38646131336262376131323061633135316262326631356232633362396436386538336561623462
36663637333131663936646135316266633833633634376434656134376531336564376361653666
64303461613436663130646666313635623131376663663030336532303639666237343566353663
32626636333664643364643031623132656635653033306238623865653235316463653831666432
36643365336430356161353630376465306566383336626332313166326539636465656235393165
62663065626336306536646466313437376331663537376634363638623137303662626435343237
33393734363130303832353639363461313036633833333630326532613735383130343231333163
31636336653362383035396461333830343534616639656164356630376466356239383164313861
62643164313764656635346231316334363130353139656462346439353866383366373538643332
30353130643630666336
